0.23524141590986486
[43.725774223634964,-79.27019260955392]
[[0.00148902 0.00170248]
 [0.00170248 0.0029423 ]]
0.18446783848211645
[43.77455643205492,-79.38659995732397]
[[0.00062989 0.00208493]
 [0.00208493 0.01299487]]
0.2655996580383451
[43.65540128825514,-79.38608151114978]
[[0.00011505 0.00010822]
 [0.00010822 0.00043416]]
0.13780052590887545
[43.710676770895304,-79.49171218008429]
[[ 0.00079601 -0.00069007]
 [-0.00069007  0.00352163]]
0.05338584122229111
[43.68764788604522,-79.53074239587497]
[[0.00303747 0.00093564]
 [0.00093564 0.00170267]]
0.12350472043850703
[43.661066407128246,-79.44926651382319]
[[0.00147491 0.00174142]
 [0.00174142 0.00269718]]
